0.1359563 0.4657279 0.4720678 0.4811301 2.675242
4.360842 5.698989 6.395 7.058182 7.173202
7.554279 7.868364 8.009863 8.473494 9.473779
11.89215 11.89892 11.98208 14.0598 14.43232
14.73013 15.34436 15.80323 16.85527 17.30967
17.66288 17.82328 18.40008 18.64921 19.16739
19.88068 20.88453 21.21585 21.88818 22.58812
22.86817 23.68631 23.73974 23.92353 24.00905
24.70815 24.92678 24.94306 25.14728 25.59792
25.98403 26.56316 26.79696 27.16716 27.48056
28.58029 28.7188 28.88374 29.11695 29.1347
29.40008 29.55162 29.87914 30.53015 31.15487
31.42068 32.30908 32.75845 33.43236 33.51601
33.82172 34.27373 34.44578 34.48533 35.01752
35.12525 35.49007 35.69336 35.92811 36.05704
36.89559 37.62451 37.82803 37.88288 38.17979
39.18972 39.73609 39.93245 40.19771 41.00137
41.20527 41.48079 41.70978 43.41773 44.60697
46.3201 46.45938 46.58269 47.30494 50.41312
51.3122 51.62949 51.75146 52.01324 52.07859
52.50893 52.77175 54.45161 55.41459 55.53379
55.78415 55.79724 56.63233 57.27563 57.54031
58.72221 58.94523 61.19626 61.35696 63.5424
63.6432 63.88226 64.2083 64.92801 65.0825
65.79784 66.84023 66.90413 67.18863 67.35213
67.84822 68.03116 68.89082 69.29684 69.48768
70.15988 70.82115 71.33403 72.38038
